<?xml version="1.0" encoding="utf-8"?>
<COLLADA xmlns="http://www.collada.org/2005/11/COLLADASchema" version="1.4.1">
  <asset><contributor><author></author><authoring_tool>FBX COLLADA exporter</authoring_tool><comments></comments></contributor><created>2014-04-25T23:23:21Z</created><keywords></keywords><modified>2014-04-25T23:23:21Z</modified><revision></revision><subject></subject><title></title><unit meter="0.010000" name="centimeter"></unit><up_axis>Y_UP</up_axis></asset>
  <library_images>
    <image id="file1-image" name="file1"><init_from>file://C:/Users/Jayson/Desktop/brick_d.tga</init_from></image>
    <image id="file4-image" name="file4"><init_from>file://C:/Users/Jayson/Desktop/brick_s.tga</init_from></image>
  </library_images>
  <library_materials>
    <material id="animation_test_shader" name="animation_test_shader">
      <instance_effect url="#animation_test_shader-fx"/>
    </material>
  </library_materials>
  <library_effects>
    <effect id="animation_test_shader-fx" name="animation_test_shader">
      <profile_COMMON>
        <technique sid="standard">
          <phong>
            <emission>
              <color sid="emission">0.000000  0.000000 0.000000 1.000000</color>
            </emission>
            <ambient>
              <color sid="ambient">0.000000  0.000000 0.000000 1.000000</color>
            </ambient>
            <diffuse>
              <texture texture="file1-image" texcoord="CHANNEL0">
                <extra>
                  <technique profile="MAYA">
                    <wrapU sid="wrapU0">TRUE</wrapU>
                    <wrapV sid="wrapV0">TRUE</wrapV>
                    <blend_mode>NONE</blend_mode>
                  </technique>
                </extra>
              </texture>
            </diffuse>
            <specular>
              <texture texture="file4-image" texcoord="CHANNEL0">
                <extra>
                  <technique profile="MAYA">
                    <wrapU sid="wrapU0">TRUE</wrapU>
                    <wrapV sid="wrapV0">TRUE</wrapV>
                    <blend_mode>NONE</blend_mode>
                  </technique>
                </extra>
              </texture>
            </specular>
            <shininess>
              <float sid="shininess">6.311791</float>
            </shininess>
            <reflective>
              <color sid="reflective">0.000000  0.000000 0.000000 1.000000</color>
            </reflective>
            <reflectivity>
              <float sid="reflectivity">0.500000</float>
            </reflectivity>
            <transparent opaque="RGB_ZERO">
              <color sid="transparent">0.000000  0.000000 0.000000 1.000000</color>
            </transparent>
            <transparency>
              <float sid="transparency">1.000000</float>
            </transparency>
          </phong>
        </technique>
      </profile_COMMON>
    </effect>
  </library_effects>
  <library_geometries>
    <geometry id="animation_test_object-lib" name="animation_test_objectMesh">
      <mesh>
        <source id="animation_test_object-POSITION">
          <float_array id="animation_test_object-POSITION-array" count="96">
1.842518 1.444681 0.816740
1.842518 1.444681 -0.816740
1.842518 5.884899 0.816740
1.842518 5.884899 -0.816740
-1.842518 5.884899 0.816740
-1.842518 5.884899 -0.816740
-1.842518 1.444681 0.816740
-1.842518 1.444681 -0.816740
2.031831 6.335012 2.031831
2.031831 6.335012 -2.031831
2.031831 18.316257 2.031831
2.031831 18.316257 -2.031831
-2.031831 18.316257 2.031831
-2.031831 18.316257 -2.031831
-2.031831 6.335012 2.031831
-2.031831 6.335012 -2.031831
1.641835 18.868385 1.641835
1.641835 18.868385 -1.641835
1.641835 22.152054 1.641835
1.641835 22.152054 -1.641835
-1.641835 22.152054 1.641835
-1.641835 22.152054 -1.641835
-1.641835 18.868385 1.641835
-1.641835 18.868385 -1.641835
2.031831 22.622458 2.031831
2.031831 22.622458 -2.031831
2.031831 33.607407 2.031831
2.031831 33.607407 -2.031831
-2.031831 33.607407 2.031831
-2.031831 33.607407 -2.031831
-2.031831 22.622458 2.031831
-2.031831 22.622458 -2.031831
</float_array>
          <technique_common>
            <accessor source="#animation_test_object-POSITION-array" count="32" stride="3">
              <param name="X" type="float"/>
              <param name="Y" type="float"/>
              <param name="Z" type="float"/>
            </accessor>
          </technique_common>
        </source>
        <source id="animation_test_object-Normal0">
          <float_array id="animation_test_object-Normal0-array" count="432">
1.000000 0.000000 0.000000
1.000000 0.000000 0.000000
1.000000 0.000000 0.000000
1.000000 0.000000 0.000000
1.000000 0.000000 0.000000
1.000000 0.000000 0.000000
0.000000 1.000000 0.000000
0.000000 1.000000 0.000000
0.000000 1.000000 0.000000
0.000000 1.000000 0.000000
0.000000 1.000000 0.000000
0.000000 1.000000 0.000000
-1.000000 0.000000 0.000000
-1.000000 0.000000 0.000000
-1.000000 0.000000 0.000000
-1.000000 0.000000 0.000000
-1.000000 0.000000 0.000000
-1.000000 0.000000 0.000000
0.000000 -1.000000 0.000000
0.000000 -1.000000 0.000000
0.000000 -1.000000 0.000000
0.000000 -1.000000 0.000000
0.000000 -1.000000 0.000000
0.000000 -1.000000 0.000000
0.000000 0.000000 -1.000000
0.000000 0.000000 -1.000000
0.000000 0.000000 -1.000000
0.000000 0.000000 -1.000000
0.000000 0.000000 -1.000000
0.000000 0.000000 -1.000000
0.000000 0.000000 1.000000
0.000000 0.000000 1.000000
0.000000 0.000000 1.000000
0.000000 0.000000 1.000000
0.000000 0.000000 1.000000
0.000000 0.000000 1.000000
1.000000 0.000000 0.000000
1.000000 0.000000 0.000000
1.000000 0.000000 0.000000
1.000000 0.000000 0.000000
1.000000 0.000000 0.000000
1.000000 0.000000 0.000000
0.000000 1.000000 0.000000
0.000000 1.000000 0.000000
0.000000 1.000000 0.000000
0.000000 1.000000 0.000000
0.000000 1.000000 0.000000
0.000000 1.000000 0.000000
-1.000000 0.000000 0.000000
-1.000000 0.000000 0.000000
-1.000000 0.000000 0.000000
-1.000000 0.000000 0.000000
-1.000000 0.000000 0.000000
-1.000000 0.000000 0.000000
0.000000 -1.000000 0.000000
0.000000 -1.000000 0.000000
0.000000 -1.000000 0.000000
0.000000 -1.000000 0.000000
0.000000 -1.000000 0.000000
0.000000 -1.000000 0.000000
0.000000 0.000000 -1.000000
0.000000 0.000000 -1.000000
0.000000 0.000000 -1.000000
0.000000 0.000000 -1.000000
0.000000 0.000000 -1.000000
0.000000 0.000000 -1.000000
0.000000 0.000000 1.000000
0.000000 0.000000 1.000000
0.000000 0.000000 1.000000
0.000000 0.000000 1.000000
0.000000 0.000000 1.000000
0.000000 0.000000 1.000000
1.000000 0.000000 0.000000
1.000000 0.000000 0.000000
1.000000 0.000000 0.000000
1.000000 0.000000 0.000000
1.000000 0.000000 0.000000
1.000000 0.000000 0.000000
0.000000 1.000000 0.000000
0.000000 1.000000 0.000000
0.000000 1.000000 0.000000
0.000000 1.000000 0.000000
0.000000 1.000000 0.000000
0.000000 1.000000 0.000000
-1.000000 0.000000 0.000000
-1.000000 0.000000 0.000000
-1.000000 0.000000 0.000000
-1.000000 0.000000 0.000000
-1.000000 0.000000 0.000000
-1.000000 0.000000 0.000000
0.000000 -1.000000 0.000000
0.000000 -1.000000 0.000000
0.000000 -1.000000 0.000000
0.000000 -1.000000 0.000000
0.000000 -1.000000 0.000000
0.000000 -1.000000 0.000000
0.000000 0.000000 -1.000000
0.000000 0.000000 -1.000000
0.000000 0.000000 -1.000000
0.000000 0.000000 -1.000000
0.000000 0.000000 -1.000000
0.000000 0.000000 -1.000000
0.000000 0.000000 1.000000
0.000000 0.000000 1.000000
0.000000 0.000000 1.000000
0.000000 0.000000 1.000000
0.000000 0.000000 1.000000
0.000000 0.000000 1.000000
1.000000 0.000000 0.000000
1.000000 0.000000 0.000000
1.000000 0.000000 0.000000
1.000000 0.000000 0.000000
1.000000 0.000000 0.000000
1.000000 0.000000 0.000000
0.000000 1.000000 0.000000
0.000000 1.000000 0.000000
0.000000 1.000000 0.000000
0.000000 1.000000 0.000000
0.000000 1.000000 0.000000
0.000000 1.000000 0.000000
-1.000000 0.000000 0.000000
-1.000000 0.000000 0.000000
-1.000000 0.000000 0.000000
-1.000000 0.000000 0.000000
-1.000000 0.000000 0.000000
-1.000000 0.000000 0.000000
0.000000 -1.000000 0.000000
0.000000 -1.000000 0.000000
0.000000 -1.000000 0.000000
0.000000 -1.000000 0.000000
0.000000 -1.000000 0.000000
0.000000 -1.000000 0.000000
0.000000 0.000000 -1.000000
0.000000 0.000000 -1.000000
0.000000 0.000000 -1.000000
0.000000 0.000000 -1.000000
0.000000 0.000000 -1.000000
0.000000 0.000000 -1.000000
0.000000 0.000000 1.000000
0.000000 0.000000 1.000000
0.000000 0.000000 1.000000
0.000000 0.000000 1.000000
0.000000 0.000000 1.000000
0.000000 0.000000 1.000000
</float_array>
          <technique_common>
            <accessor source="#animation_test_object-Normal0-array" count="144" stride="3">
              <param name="X" type="float"/>
              <param name="Y" type="float"/>
              <param name="Z" type="float"/>
            </accessor>
          </technique_common>
        </source>
        <source id="animation_test_object-UV0">
          <float_array id="animation_test_object-UV0-array" count="192">
0.456010 0.414168
0.506075 0.414168
0.506075 0.550256
0.456010 0.550256
0.493454 0.581708
0.543518 0.581708
0.543518 0.694651
0.493454 0.694651
0.422446 0.550256
0.372382 0.550256
0.372382 0.414168
0.422446 0.414168
0.627985 0.694651
0.577921 0.694651
0.577921 0.581708
0.627985 0.581708
0.652581 0.550256
0.539639 0.550256
0.539639 0.414168
0.652581 0.414168
0.225876 0.414168
0.338818 0.414168
0.338818 0.550256
0.225876 0.550256
0.015257 0.015504
0.139803 0.015504
0.139803 0.382716
0.015257 0.382716
0.067765 0.414168
0.192312 0.414168
0.192312 0.538715
0.067765 0.538715
0.299331 0.382716
0.174784 0.382716
0.174784 0.015504
0.299331 0.015504
0.174784 0.706255
0.174784 0.581708
0.299331 0.581708
0.299331 0.706255
0.618001 0.382716
0.493454 0.382716
0.493454 0.015504
0.618001 0.015504
0.334119 0.015504
0.458666 0.015504
0.458666 0.382716
0.334119 0.382716
0.662388 0.751762
0.763029 0.751762
0.763029 0.852403
0.662388 0.852403
0.897407 0.751762
0.897407 0.852403
0.796767 0.852403
0.796767 0.751762
0.968802 0.984496
0.868162 0.984496
0.868162 0.883855
0.968802 0.883855
0.465547 0.838348
0.465547 0.737707
0.566188 0.737707
0.566188 0.838348
0.834598 0.984496
0.733957 0.984496
0.733957 0.883855
0.834598 0.883855
0.599752 0.883855
0.700393 0.883855
0.700393 0.984496
0.599752 0.984496
0.652789 0.015504
0.777336 0.015504
0.777336 0.352180
0.652789 0.352180
0.015257 0.570167
0.139803 0.570167
0.139803 0.694714
0.015257 0.694714
0.936671 0.352180
0.812124 0.352180
0.812124 0.015504
0.936671 0.015504
0.334119 0.706255
0.334119 0.581708
0.458666 0.581708
0.458666 0.706255
0.968803 0.720309
0.844256 0.720309
0.844256 0.383633
0.968803 0.383633
0.686145 0.383633
0.810692 0.383633
0.810692 0.720309
0.686145 0.720309
</float_array>
          <technique_common>
            <accessor source="#animation_test_object-UV0-array" count="96" stride="2">
              <param name="S" type="float"/>
              <param name="T" type="float"/>
            </accessor>
          </technique_common>
        </source>
        <vertices id="animation_test_object-VERTEX">
          <input semantic="POSITION" source="#animation_test_object-POSITION"/>
        </vertices>
        <triangles count="48" material="animation_test_shader"><input semantic="VERTEX" offset="0" source="#animation_test_object-VERTEX"/><input semantic="NORMAL" offset="1" source="#animation_test_object-Normal0"/><input semantic="TEXCOORD" offset="2" set="0" source="#animation_test_object-UV0"/><p> 1 0 1 3 1 2 0 2 0 2 3 3 0 4 0 3 5 2 3 6 5 5 7 6 2 8 4 4 9 7 2 10 4 5 11 6 5 12 9 7 13 10 4 14 8 6 15 11 4 16 8 7 17 10 7 18 13 1 19 14 6 20 12 0 21 15 6 22 12 1 23 14 5 24 18 1 25 16 7 26 17 1 27 16 5 28 18 3 29 19 2 30 22 4 31 23 6 32 20 2 33 22 6 34 20 0 35 21 9 36 25 11 37 26 8 38 24 10 39 27 8 40 24 11 41 26 12 42 31 10 43 28 13 44 30 10 45 28 11 46 29 13 47 30 13 48 33 15 49 34 12 50 32 14 51 35 12 52 32 15 53 34 8 54 39 14 55 36 9 56 38 14 57 36 15 58 37 9 59 38 15 60 41 13 61 42 9 62 40 9 63 40 13 64 42 11 65 43 12 66 47 14 67 44 10 68 46 10 69 46 14 70 44 8 71 45 18 72 51 16 73 48 19 74 50 16 75 48 17 76 49 19 77 50 20 78 55 18 79 52 21 80 54 18 81 52 19 82 53 21 83 54 22 84 59 20 85 56 23 86 58 20 87 56 21 88 57 23 89 58 16 90 63 22 91 60 17 92 62 22 93 60 23 94 61 17 95 62 23 96 65 21 97 66 17 98 64 17 99 64 21 100 66 19 101 67 18 102 70 20 103 71 22 104 68 18 105 70 22 106 68 16 107 69 25 108 73 27 109 74 24 110 72 26 111 75 24 112 72 27 113 74 28 114 79 26 115 76 29 116 78 26 117 76 27 118 77 29 119 78 29 120 81 31 121 82 28 122 80 30 123 83 28 124 80 31 125 82 24 126 87 30 127 84 25 128 86 30 129 84 31 130 85 25 131 86 31 132 89 29 133 90 25 134 88 25 135 88 29 136 90 27 137 91 28 138 95 30 139 92 26 140 94 26 141 94 30 142 92 24 143 93</p></triangles>
      </mesh>
    </geometry>
  </library_geometries>
  <library_controllers>
    <controller id="animation_test_objectController">
      <skin source="#animation_test_object-lib">
        <bind_shape_matrix>1.000000 -0.000000 0.000000 0.000000 0.000000 1.000000 -0.000000 0.000000 0.000000 0.000000 1.000000 0.000000 0.000000 0.000000 0.000000 1.000000
</bind_shape_matrix>
        <source id="animation_test_objectController-Joints">
          <Name_array id="animation_test_objectController-Joints-array" count="3">
 bone_Shoulder bone_Elbow bone_Wrist</Name_array>
          <technique_common>
            <accessor source="#animation_test_objectController-Joints-array" count="3">
              <param type="name"/>
            </accessor>
          </technique_common>
        </source>
        <source id="animation_test_objectController-Matrices">
          <float_array id="animation_test_objectController-Matrices-array" count="48">

0.000000 -1.000000 0.000000 32.726730 1.000000 0.000000 -0.000000 -0.000000 -0.000000 -0.000000 1.000000 -0.024956 0.000000 0.000000 0.000000 1.000000
0.000000 -1.000000 0.000000 20.442441 1.000000 0.000000 -0.000000 -0.000000 -0.000000 -0.000000 1.000000 -0.024956 0.000000 0.000000 0.000000 1.000000
1.000000 0.000000 0.000000 0.000000 -0.000000 1.000000 0.000000 -3.810625 0.000000 -0.000000 1.000000 -0.024956 0.000000 0.000000 0.000000 1.000000</float_array>
          <technique_common>
            <accessor source="#animation_test_objectController-Matrices-array" count="3" stride="16">
              <param type="float4x4"/>
            </accessor>
          </technique_common>
        </source>
        <source id="animation_test_objectController-Weights">
          <float_array id="animation_test_objectController-Weights-array" count="33">

1.000000 1.000000 1.000000 1.000000 1.000000 1.000000 1.000000 1.000000 1.000000 1.000000 1.000000 1.000000 1.000000 1.000000 1.000000 1.000000
1.000000 1.000000 1.000000 1.000000 1.000000 1.000000 1.000000 1.000000 1.000000 1.000000 1.000000 1.000000 1.000000 1.000000 1.000000 1.000000
1.000000</float_array>
          <technique_common>
            <accessor source="#animation_test_objectController-Weights-array" count="33">
              <param type="float"/>
            </accessor>
          </technique_common>
        </source>
        <joints>
          <input semantic="JOINT" source="#animation_test_objectController-Joints"/>
          <input semantic="INV_BIND_MATRIX" source="#animation_test_objectController-Matrices"/>
        </joints>
        <vertex_weights count="32">
          <input semantic="JOINT" offset="0" source="#animation_test_objectController-Joints"/>
          <input semantic="WEIGHT" offset="1" source="#animation_test_objectController-Weights"/>
          <vcount>1 1 1 1 1 1 1 1 1 1 1 1 1 1 1 1 1 1 1 1 1 1 1 1 1 1 1 1 1 1 1 1</vcount>
          <v>2 1 2 2 2 3 2 4 2 5 2 6 2 7 2 8 1 9 1 10 1 11 1 12 1 13 1 14 1 15 1 16 1 17 1 18 1 19 1 20 1 21 1 22 1 23 1 24 0 25 0 26 0 27 0 28 0 29 0 30 0 31 0 32</v>
        </vertex_weights>
      </skin>
    </controller>
  </library_controllers>
  <library_animations>
    <animation id="animation_test_object-anim" name="animation_test_object"><animation><source id="animation_test_object-visibility-animation-input"><float_array id="animation_test_object-visibility-animation-input-array" count="96">

0.041667 0.083333 0.125000 0.166667 0.208333 0.250000 0.291667 0.333333 0.375000 0.416667 0.458333 0.500000 0.541667 0.583333 0.625000 0.666667
0.708333 0.750000 0.791667 0.833333 0.875000 0.916667 0.958333 1.000000 1.041667 1.083333 1.125000 1.166667 1.208333 1.250000 1.291667 1.333333
1.375000 1.416667 1.458333 1.500000 1.541667 1.583333 1.625000 1.666667 1.708333 1.750000 1.791667 1.833333 1.875000 1.916667 1.958333 2.000000
2.041667 2.083333 2.125000 2.166667 2.208333 2.250000 2.291667 2.333333 2.375000 2.416667 2.458333 2.500000 2.541667 2.583333 2.625000 2.666667
2.708333 2.750000 2.791667 2.833333 2.875000 2.916667 2.958333 3.000000 3.041667 3.083333 3.125000 3.166667 3.208333 3.250000 3.291667 3.333333
3.375000 3.416667 3.458333 3.500000 3.541667 3.583333 3.625000 3.666667 3.708333 3.750000 3.791667 3.833333 3.875000 3.916667 3.958333 4.000000</float_array><technique_common><accessor source="#animation_test_object-visibility-animation-input-array" count="96"><param name="TIME" type="float"/></accessor></technique_common></source><source id="animation_test_object-visibility-animation-output"><float_array id="animation_test_object-visibility-animation-output-array" count="96">

1.000000 1.000000 1.000000 1.000000 1.000000 1.000000 1.000000 1.000000 1.000000 1.000000 1.000000 1.000000 1.000000 1.000000 1.000000 1.000000
1.000000 1.000000 1.000000 1.000000 1.000000 1.000000 1.000000 1.000000 1.000000 1.000000 1.000000 1.000000 1.000000 1.000000 1.000000 1.000000
1.000000 1.000000 1.000000 1.000000 1.000000 1.000000 1.000000 1.000000 1.000000 1.000000 1.000000 1.000000 1.000000 1.000000 1.000000 1.000000
1.000000 1.000000 1.000000 1.000000 1.000000 1.000000 1.000000 1.000000 1.000000 1.000000 1.000000 1.000000 1.000000 1.000000 1.000000 1.000000
1.000000 1.000000 1.000000 1.000000 1.000000 1.000000 1.000000 1.000000 1.000000 1.000000 1.000000 1.000000 1.000000 1.000000 1.000000 1.000000
1.000000 1.000000 1.000000 1.000000 1.000000 1.000000 1.000000 1.000000 1.000000 1.000000 1.000000 1.000000 1.000000 1.000000 1.000000 1.000000</float_array><technique_common><accessor source="#animation_test_object-visibility-animation-output-array" count="96"><param type="float"/></accessor></technique_common></source><source id="animation_test_object-visibility-animation-intan"><float_array id="animation_test_object-visibility-animation-intan-array" count="96">

0.000000 0.000000 0.000000 0.000000 0.000000 0.000000 0.000000 0.000000 0.000000 0.000000 0.000000 0.000000 0.000000 0.000000 0.000000 0.000000
0.000000 0.000000 0.000000 0.000000 0.000000 0.000000 0.000000 0.000000 0.000000 0.000000 0.000000 0.000000 0.000000 0.000000 0.000000 0.000000
0.000000 0.000000 0.000000 0.000000 0.000000 0.000000 0.000000 0.000000 0.000000 0.000000 0.000000 0.000000 0.000000 0.000000 0.000000 0.000000
0.000000 0.000000 0.000000 0.000000 0.000000 0.000000 0.000000 0.000000 0.000000 0.000000 0.000000 0.000000 0.000000 0.000000 0.000000 0.000000
0.000000 0.000000 0.000000 0.000000 0.000000 0.000000 0.000000 0.000000 0.000000 0.000000 0.000000 0.000000 0.000000 0.000000 0.000000 0.000000
0.000000 0.000000 0.000000 0.000000 0.000000 0.000000 0.000000 0.000000 0.000000 0.000000 0.000000 0.000000 0.000000 0.000000 0.000000 0.000000</float_array><technique_common><accessor source="#animation_test_object-visibility-animation-intan-array" count="96"><param type="float"/></accessor></technique_common></source><source id="animation_test_object-visibility-animation-outtan"><float_array id="animation_test_object-visibility-animation-outtan-array" count="96">

0.000000 0.000000 0.000000 0.000000 0.000000 0.000000 0.000000 0.000000 0.000000 0.000000 0.000000 0.000000 0.000000 0.000000 0.000000 0.000000
0.000000 0.000000 0.000000 0.000000 0.000000 0.000000 0.000000 0.000000 0.000000 0.000000 0.000000 0.000000 0.000000 0.000000 0.000000 0.000000
0.000000 0.000000 0.000000 0.000000 0.000000 0.000000 0.000000 0.000000 0.000000 0.000000 0.000000 0.000000 0.000000 0.000000 0.000000 0.000000
0.000000 0.000000 0.000000 0.000000 0.000000 0.000000 0.000000 0.000000 0.000000 0.000000 0.000000 0.000000 0.000000 0.000000 0.000000 0.000000
0.000000 0.000000 0.000000 0.000000 0.000000 0.000000 0.000000 0.000000 0.000000 0.000000 0.000000 0.000000 0.000000 0.000000 0.000000 0.000000
0.000000 0.000000 0.000000 0.000000 0.000000 0.000000 0.000000 0.000000 0.000000 0.000000 0.000000 0.000000 0.000000 0.000000 0.000000 0.000000</float_array><technique_common><accessor source="#animation_test_object-visibility-animation-outtan-array" count="96"><param type="float"/></accessor></technique_common></source><source id="animation_test_object-visibility-animation-interpolation"><Name_array id="animation_test_object-visibility-animation-interpolation-array" count="96">
 BEZIER BEZIER BEZIER BEZIER BEZIER BEZIER BEZIER BEZIER BEZIER BEZIER BEZIER
BEZIER BEZIER BEZIER BEZIER BEZIER BEZIER BEZIER BEZIER BEZIER BEZIER BEZIER BEZIER
BEZIER BEZIER BEZIER BEZIER BEZIER BEZIER BEZIER BEZIER BEZIER BEZIER BEZIER BEZIER
BEZIER BEZIER BEZIER BEZIER BEZIER BEZIER BEZIER BEZIER BEZIER BEZIER BEZIER BEZIER
BEZIER BEZIER BEZIER BEZIER BEZIER BEZIER BEZIER BEZIER BEZIER BEZIER BEZIER BEZIER
BEZIER BEZIER BEZIER BEZIER BEZIER BEZIER BEZIER BEZIER BEZIER BEZIER BEZIER BEZIER
BEZIER BEZIER BEZIER BEZIER BEZIER BEZIER BEZIER BEZIER BEZIER BEZIER BEZIER BEZIER
BEZIER BEZIER BEZIER BEZIER BEZIER BEZIER BEZIER BEZIER BEZIER BEZIER BEZIER BEZIER
BEZIER</Name_array><technique_common><accessor source="#animation_test_object-visibility-animation-interpolation-array" count="96"><param type="name"/></accessor></technique_common></source><sampler id="animation_test_object-visibility-animation"><input semantic="INPUT" source="#animation_test_object-visibility-animation-input"/><input semantic="OUTPUT" source="#animation_test_object-visibility-animation-output"/><input semantic="IN_TANGENT" source="#animation_test_object-visibility-animation-intan"/><input semantic="OUT_TANGENT" source="#animation_test_object-visibility-animation-outtan"/><input semantic="INTERPOLATION" source="#animation_test_object-visibility-animation-interpolation"/></sampler><channel source="#animation_test_object-visibility-animation" target="animation_test_object/visibility"/></animation></animation>
    <animation id="bone_Shoulder-anim" name="bone_Shoulder"><animation><source id="bone_Shoulder-Matrix-animation-input"><float_array id="bone_Shoulder-Matrix-animation-input-array" count="96">

0.041667 0.083333 0.125000 0.166667 0.208333 0.250000 0.291667 0.333333 0.375000 0.416667 0.458333 0.500000 0.541667 0.583333 0.625000 0.666667
0.708333 0.750000 0.791667 0.833333 0.875000 0.916667 0.958333 1.000000 1.041667 1.083333 1.125000 1.166667 1.208333 1.250000 1.291667 1.333333
1.375000 1.416667 1.458333 1.500000 1.541667 1.583333 1.625000 1.666667 1.708333 1.750000 1.791667 1.833333 1.875000 1.916667 1.958333 2.000000
2.041667 2.083333 2.125000 2.166667 2.208333 2.250000 2.291667 2.333333 2.375000 2.416667 2.458333 2.500000 2.541667 2.583333 2.625000 2.666667
2.708333 2.750000 2.791667 2.833333 2.875000 2.916667 2.958333 3.000000 3.041667 3.083333 3.125000 3.166667 3.208333 3.250000 3.291667 3.333333
3.375000 3.416667 3.458333 3.500000 3.541667 3.583333 3.625000 3.666667 3.708333 3.750000 3.791667 3.833333 3.875000 3.916667 3.958333 4.000000</float_array><technique_common><accessor source="#bone_Shoulder-Matrix-animation-input-array" count="96"><param name="TIME" type="float"/></accessor></technique_common></source><source id="bone_Shoulder-Matrix-animation-output-transform"><float_array id="bone_Shoulder-Matrix-animation-output-transform-array" count="1536">

0.000000 1.000000 0.000000 0.000000 -1.000000 0.000000 -0.000000 32.726730 -0.000000 -0.000000 1.000000 0.024956 0.000000 0.000000 0.000000 1.000000
0.008591 0.999962 0.001528 0.000000 -0.997689 0.008469 0.067420 32.726730 0.067404 -0.002103 0.997724 0.024956 0.000000 0.000000 0.000000 1.000000
0.031481 0.999504 -0.000168 0.000000 -0.967786 0.030523 0.249916 32.726730 0.249798 -0.007705 0.968267 0.024956 0.000000 0.000000 0.000000 1.000000
0.059373 0.998075 -0.017911 0.000000 -0.861257 0.060289 0.504580 32.726730 0.504689 -0.014533 0.863179 0.024956 0.000000 0.000000 0.000000 1.000000
0.073679 0.995497 -0.059650 0.000000 -0.639772 0.093064 0.762910 32.726730 0.765025 -0.018048 0.643747 0.024956 0.000000 0.000000 0.000000 1.000000
0.052037 0.991695 -0.117615 0.000000 -0.308475 0.127977 0.942584 32.726730 0.949808 -0.012767 0.312573 0.024956 0.000000 0.000000 0.000000 1.000000
-0.016997 0.985751 -0.167351 0.000000 0.074842 0.168160 0.982914 32.726730 0.997051 0.004181 -0.076634 0.024956 0.000000 0.000000 0.000000 1.000000
-0.122656 0.975656 -0.181800 0.000000 0.425971 0.217206 0.878277 32.726730 0.896384 0.030284 -0.442243 0.024956 0.000000 0.000000 0.000000 1.000000
-0.236800 0.959793 -0.150744 0.000000 0.679419 0.274500 0.680470 32.726730 0.694489 0.058717 -0.717103 0.024956 0.000000 0.000000 0.000000 1.000000
-0.331998 0.939082 -0.088900 0.000000 0.818251 0.333600 0.468162 32.726730 0.469299 0.082687 -0.879159 0.024956 0.000000 0.000000 0.000000 1.000000
-0.396268 0.917722 -0.027526 0.000000 0.869298 0.384668 0.310406 32.726730 0.295455 0.099076 -0.950206 0.024956 0.000000 0.000000 0.000000 1.000000
-0.431810 0.901965 -0.000000 0.000000 0.873174 0.418027 0.250639 32.726730 0.226067 0.108228 -0.968081 0.024956 0.000000 0.000000 0.000000 1.000000
-0.452755 0.891635 0.000915 0.000000 0.863634 0.438281 0.249089 32.726730 0.221695 0.113566 -0.968480 0.024956 0.000000 0.000000 0.000000 1.000000
-0.470708 0.882288 0.001544 0.000000 0.854921 0.455674 0.247936 32.726730 0.218047 0.118026 -0.968775 0.024956 0.000000 0.000000 0.000000 1.000000
-0.485925 0.873999 0.001910 0.000000 0.847129 0.470446 0.247090 32.726730 0.215057 0.121685 -0.968991 0.024956 0.000000 0.000000 0.000000 1.000000
-0.498647 0.866803 0.002042 0.000000 0.840313 0.482827 0.246478 32.726730 0.212662 0.124621 -0.969146 0.024956 0.000000 0.000000 0.000000 1.000000
-0.509107 0.860701 0.001978 0.000000 0.834491 0.493038 0.246045 32.726730 0.210796 0.126914 -0.969256 0.024956 0.000000 0.000000 0.000000 1.000000
-0.517527 0.855665 0.001762 0.000000 0.829650 0.501287 0.245746 32.726730 0.209393 0.128642 -0.969333 0.024956 0.000000 0.000000 0.000000 1.000000
-0.524120 0.851643 0.001441 0.000000 0.825756 0.507773 0.245548 32.726730 0.208388 0.129886 -0.969383 0.024956 0.000000 0.000000 0.000000 1.000000
-0.529087 0.848567 0.001062 0.000000 0.822753 0.512684 0.245423 32.726730 0.207713 0.130724 -0.969415 0.024956 0.000000 0.000000 0.000000 1.000000
-0.532626 0.846351 0.000678 0.000000 0.820570 0.516205 0.245353 32.726730 0.207304 0.131238 -0.969434 0.024956 0.000000 0.000000 0.000000 1.000000
-0.534925 0.844899 0.000339 0.000000 0.819126 0.518509 0.245319 32.726730 0.207094 0.131505 -0.969442 0.024956 0.000000 0.000000 0.000000 1.000000
-0.536172 0.844109 0.000097 0.000000 0.818330 0.519769 0.245309 32.726730 0.207017 0.131607 -0.969445 0.024956 0.000000 0.000000 0.000000 1.000000
-0.536547 0.843870 0.000005 0.000000 0.818087 0.520152 0.245308 32.726730 0.207006 0.131623 -0.969445 0.024956 0.000000 0.000000 0.000000 1.000000
-0.527627 0.849476 0.000069 0.000000 0.823651 0.511566 0.244741 32.726730 0.207866 0.129189 -0.969589 0.024956 0.000000 0.000000 0.000000 1.000000
-0.502666 0.864481 0.000186 0.000000 0.838525 0.487521 0.243307 32.726730 0.210243 0.122458 -0.969949 0.024956 0.000000 0.000000 0.000000 1.000000
-0.464170 0.885746 0.000214 0.000000 0.859548 0.450382 0.241523 32.726730 0.213832 0.112292 -0.970395 0.024956 0.000000 0.000000 0.000000 1.000000
-0.414682 0.909967 0.000055 0.000000 0.883387 0.402555 0.239951 32.726730 0.218326 0.099552 -0.970785 0.024956 0.000000 0.000000 0.000000 1.000000
-0.357054 0.934084 -0.000287 0.000000 0.906971 0.346764 0.239079 32.726730 0.223420 0.085104 -0.971000 0.024956 0.000000 0.000000 0.000000 1.000000
-0.294562 0.955632 -0.000705 0.000000 0.927836 0.286170 0.239222 32.726730 0.228810 0.069811 -0.970965 0.024956 0.000000 0.000000 0.000000 1.000000
-0.230877 0.972982 -0.001035 0.000000 0.944378 0.224345 0.240458 32.726730 0.234194 0.054539 -0.970659 0.024956 0.000000 0.000000 0.000000 1.000000
-0.169939 0.985454 -0.001132 0.000000 0.955966 0.165132 0.242611 32.726730 0.239268 0.040147 -0.970123 0.024956 0.000000 0.000000 0.000000 1.000000
-0.115785 0.993274 -0.000948 0.000000 0.962906 0.112479 0.245278 32.726730 0.243735 0.027487 -0.969452 0.024956 0.000000 0.000000 0.000000 1.000000
-0.072400 0.997376 -0.000563 0.000000 0.966232 0.070279 0.247906 32.726730 0.247295 0.017404 -0.968784 0.024956 0.000000 0.000000 0.000000 1.000000
-0.043639 0.999047 -0.000171 0.000000 0.967353 0.042297 0.249880 32.726730 0.249649 0.010739 -0.968277 0.024956 0.000000 0.000000 0.000000 1.000000
-0.033234 0.999448 -0.000000 0.000000 0.967546 0.032173 0.250639 32.726730 0.250500 0.008330 -0.968081 0.024956 0.000000 0.000000 0.000000 1.000000
-0.043639 0.999047 -0.000171 0.000000 0.967353 0.042297 0.249880 32.726730 0.249649 0.010739 -0.968277 0.024956 0.000000 0.000000 0.000000 1.000000
-0.072400 0.997376 -0.000563 0.000000 0.966232 0.070279 0.247906 32.726730 0.247295 0.017404 -0.968784 0.024956 0.000000 0.000000 0.000000 1.000000
-0.115785 0.993274 -0.000948 0.000000 0.962906 0.112479 0.245278 32.726730 0.243735 0.027487 -0.969452 0.024956 0.000000 0.000000 0.000000 1.000000
-0.169939 0.985454 -0.001132 0.000000 0.955966 0.165132 0.242611 32.726730 0.239268 0.040147 -0.970123 0.024956 0.000000 0.000000 0.000000 1.000000
-0.230877 0.972982 -0.001035 0.000000 0.944378 0.224345 0.240458 32.726730 0.234194 0.054539 -0.970659 0.024956 0.000000 0.000000 0.000000 1.000000
-0.294562 0.955632 -0.000705 0.000000 0.927836 0.286170 0.239222 32.726730 0.228810 0.069811 -0.970965 0.024956 0.000000 0.000000 0.000000 1.000000
-0.357054 0.934084 -0.000287 0.000000 0.906971 0.346764 0.239079 32.726730 0.223420 0.085104 -0.971000 0.024956 0.000000 0.000000 0.000000 1.000000
-0.414682 0.909967 0.000055 0.000000 0.883387 0.402555 0.239951 32.726730 0.218326 0.099552 -0.970785 0.024956 0.000000 0.000000 0.000000 1.000000
-0.464170 0.885746 0.000214 0.000000 0.859548 0.450382 0.241523 32.726730 0.213832 0.112292 -0.970395 0.024956 0.000000 0.000000 0.000000 1.000000
-0.502666 0.864481 0.000186 0.000000 0.838525 0.487521 0.243307 32.726730 0.210243 0.122458 -0.969949 0.024956 0.000000 0.000000 0.000000 1.000000
-0.527627 0.849476 0.000069 0.000000 0.823651 0.511566 0.244741 32.726730 0.207866 0.129189 -0.969589 0.024956 0.000000 0.000000 0.000000 1.000000
-0.536547 0.843870 0.000005 0.000000 0.818087 0.520152 0.245308 32.726730 0.207006 0.131623 -0.969445 0.024956 0.000000 0.000000 0.000000 1.000000
-0.527627 0.849476 0.000069 0.000000 0.823652 0.511566 0.244741 32.726730 0.207866 0.129189 -0.969589 0.024956 0.000000 0.000000 0.000000 1.000000
-0.502666 0.864481 0.000186 0.000000 0.838525 0.487522 0.243307 32.726730 0.210243 0.122458 -0.969949 0.024956 0.000000 0.000000 0.000000 1.000000
-0.464170 0.885746 0.000214 0.000000 0.859548 0.450382 0.241523 32.726730 0.213832 0.112292 -0.970395 0.024956 0.000000 0.000000 0.000000 1.000000
-0.414682 0.909967 0.000055 0.000000 0.883387 0.402555 0.239951 32.726730 0.218326 0.099552 -0.970785 0.024956 0.000000 0.000000 0.000000 1.000000
-0.357054 0.934084 -0.000287 0.000000 0.906971 0.346764 0.239079 32.726730 0.223420 0.085104 -0.971000 0.024956 0.000000 0.000000 0.000000 1.000000
-0.294562 0.955632 -0.000705 0.000000 0.927836 0.286170 0.239222 32.726730 0.228810 0.069811 -0.970965 0.024956 0.000000 0.000000 0.000000 1.000000
-0.230877 0.972982 -0.001035 0.000000 0.944378 0.224345 0.240458 32.726730 0.234194 0.054539 -0.970659 0.024956 0.000000 0.000000 0.000000 1.000000
-0.169939 0.985454 -0.001132 0.000000 0.955966 0.165132 0.242611 32.726730 0.239268 0.040147 -0.970123 0.024956 0.000000 0.000000 0.000000 1.000000
-0.115785 0.993274 -0.000948 0.000000 0.962906 0.112479 0.245278 32.726730 0.243735 0.027487 -0.969452 0.024956 0.000000 0.000000 0.000000 1.000000
-0.072400 0.997376 -0.000563 0.000000 0.966232 0.070279 0.247906 32.726730 0.247295 0.017404 -0.968784 0.024956 0.000000 0.000000 0.000000 1.000000
-0.043639 0.999047 -0.000172 0.000000 0.967353 0.042297 0.249880 32.726730 0.249649 0.010739 -0.968277 0.024956 0.000000 0.000000 0.000000 1.000000
-0.033234 0.999448 -0.000000 0.000000 0.967546 0.032173 0.250639 32.726730 0.250500 0.008330 -0.968081 0.024956 0.000000 0.000000 0.000000 1.000000
-0.043639 0.999047 -0.000172 0.000000 0.967353 0.042297 0.249880 32.726730 0.249649 0.010739 -0.968277 0.024956 0.000000 0.000000 0.000000 1.000000
-0.072400 0.997376 -0.000563 0.000000 0.966232 0.070279 0.247906 32.726730 0.247295 0.017404 -0.968784 0.024956 0.000000 0.000000 0.000000 1.000000
-0.115785 0.993274 -0.000948 0.000000 0.962906 0.112479 0.245278 32.726730 0.243735 0.027487 -0.969452 0.024956 0.000000 0.000000 0.000000 1.000000
-0.169939 0.985454 -0.001132 0.000000 0.955966 0.165132 0.242611 32.726730 0.239268 0.040147 -0.970123 0.024956 0.000000 0.000000 0.000000 1.000000
-0.230877 0.972982 -0.001035 0.000000 0.944378 0.224345 0.240458 32.726730 0.234194 0.054539 -0.970659 0.024956 0.000000 0.000000 0.000000 1.000000
-0.294562 0.955632 -0.000705 0.000000 0.927836 0.286170 0.239222 32.726730 0.228810 0.069811 -0.970965 0.024956 0.000000 0.000000 0.000000 1.000000
-0.357054 0.934084 -0.000287 0.000000 0.906971 0.346764 0.239079 32.726730 0.223420 0.085104 -0.971000 0.024956 0.000000 0.000000 0.000000 1.000000
-0.414682 0.909967 0.000055 0.000000 0.883387 0.402555 0.239951 32.726730 0.218326 0.099552 -0.970785 0.024956 0.000000 0.000000 0.000000 1.000000
-0.464170 0.885746 0.000214 0.000000 0.859548 0.450382 0.241523 32.726730 0.213832 0.112292 -0.970395 0.024956 0.000000 0.000000 0.000000 1.000000
-0.502666 0.864481 0.000186 0.000000 0.838525 0.487522 0.243307 32.726730 0.210243 0.122458 -0.969949 0.024956 0.000000 0.000000 0.000000 1.000000
-0.527627 0.849476 0.000069 0.000000 0.823652 0.511566 0.244741 32.726730 0.207866 0.129189 -0.969589 0.024956 0.000000 0.000000 0.000000 1.000000
-0.536547 0.843870 0.000005 0.000000 0.818087 0.520152 0.245308 32.726730 0.207006 0.131623 -0.969445 0.024956 0.000000 0.000000 0.000000 1.000000
-0.532928 0.846161 -0.000110 0.000000 0.820262 0.516648 0.245450 32.726730 0.207747 0.130717 -0.969409 0.024956 0.000000 0.000000 0.000000 1.000000
-0.523086 0.852280 -0.000406 0.000000 0.826068 0.507115 0.245859 32.726730 0.209747 0.128270 -0.969305 0.024956 0.000000 0.000000 0.000000 1.000000
-0.508515 0.861053 -0.000809 0.000000 0.834375 0.492992 0.246529 32.726730 0.212673 0.124689 -0.969135 0.024956 0.000000 0.000000 0.000000 1.000000
-0.490727 0.871312 -0.001243 0.000000 0.844066 0.475735 0.247446 32.726730 0.216194 0.120379 -0.968901 0.024956 0.000000 0.000000 0.000000 1.000000
-0.471284 0.881980 -0.001635 0.000000 0.854109 0.456852 0.248565 32.726730 0.219976 0.115748 -0.968614 0.024956 0.000000 0.000000 0.000000 1.000000
-0.451818 0.892108 -0.001926 0.000000 0.863611 0.437924 0.249797 32.726730 0.223689 0.111200 -0.968296 0.024956 0.000000 0.000000 0.000000 1.000000
-0.434032 0.900895 -0.002072 0.000000 0.871829 0.420606 0.251007 32.726730 0.227003 0.107139 -0.967983 0.024956 0.000000 0.000000 0.000000 1.000000
-0.419680 0.907670 -0.002051 0.000000 0.878156 0.406603 0.252023 32.726730 0.229588 0.103968 -0.967719 0.024956 0.000000 0.000000 0.000000 1.000000
-0.410541 0.911840 -0.001854 0.000000 0.882066 0.397650 0.252653 32.726730 0.231116 0.102089 -0.967555 0.024956 0.000000 0.000000 0.000000 1.000000
-0.408387 0.912808 -0.001473 0.000000 0.883028 0.395472 0.252711 32.726730 0.231259 0.101903 -0.967541 0.024956 0.000000 0.000000 0.000000 1.000000
-0.414939 0.909849 -0.000879 0.000000 0.880381 0.401743 0.252057 32.726730 0.229687 0.103814 -0.967712 0.024956 0.000000 0.000000 0.000000 1.000000
-0.431810 0.901965 -0.000000 0.000000 0.873174 0.418027 0.250639 32.726730 0.226067 0.108228 -0.968081 0.024956 0.000000 0.000000 0.000000 1.000000
-0.436316 0.899478 -0.023832 0.000000 0.855910 0.423062 0.297381 32.726730 0.277570 0.109354 -0.954461 0.024956 0.000000 0.000000 0.000000 1.000000
-0.402453 0.911257 -0.087416 0.000000 0.811698 0.399369 0.426205 32.726730 0.423293 0.100572 -0.900393 0.024956 0.000000 0.000000 0.000000 1.000000
-0.325507 0.931040 -0.164951 0.000000 0.709581 0.355831 0.608177 32.726730 0.624932 0.080920 -0.776474 0.024956 0.000000 0.000000 0.000000 1.000000
-0.210869 0.951615 -0.223526 0.000000 0.520286 0.302849 0.798489 32.726730 0.827549 0.052079 -0.558973 0.024956 0.000000 0.000000 0.000000 1.000000
-0.081640 0.968079 -0.236976 0.000000 0.238779 0.249843 0.938383 32.726730 0.967636 0.020025 -0.251554 0.024956 0.000000 0.000000 0.000000 1.000000
0.028148 0.979365 -0.200128 0.000000 -0.102708 0.201982 0.973989 32.726730 0.994313 -0.006861 0.106274 0.024956 0.000000 0.000000 0.000000 1.000000
0.091298 0.987033 -0.132023 0.000000 -0.442596 0.158982 0.882515 32.726730 0.892061 -0.022139 0.451372 0.024956 0.000000 0.000000 0.000000 1.000000
0.102252 0.992740 -0.063339 0.000000 -0.717792 0.117716 0.686234 32.726730 0.688708 -0.024704 0.724618 0.024956 0.000000 0.000000 0.000000 1.000000
0.077003 0.996880 -0.017332 0.000000 -0.893632 0.076716 0.442195 32.726730 0.442145 -0.018562 0.896752 0.024956 0.000000 0.000000 0.000000 1.000000
0.040055 0.999197 0.001030 0.000000 -0.975688 0.038890 0.215684 32.726730 0.215471 -0.009645 0.976463 0.024956 0.000000 0.000000 0.000000 1.000000
0.010946 0.999938 0.002006 0.000000 -0.998276 0.010812 0.057693 32.726730 0.057668 -0.002634 0.998332 0.024956 0.000000 0.000000 0.000000 1.000000
0.000000 1.000000 0.000000 0.000000 -1.000000 0.000000 -0.000000 32.726730 -0.000000 -0.000000 1.000000 0.024956 0.000000 0.000000 0.000000 1.000000</float_array><technique_common><accessor source="#bone_Shoulder-Matrix-animation-output-transform-array" count="96" stride="16"><param type="float4x4"/></accessor></technique_common></source><source id="bone_Shoulder-Interpolations"><Name_array id="bone_Shoulder-Interpolations-array" count="96">
 LINEAR LINEAR LINEAR LINEAR LINEAR LINEAR LINEAR LINEAR LINEAR LINEAR LINEAR
LINEAR LINEAR LINEAR LINEAR LINEAR LINEAR LINEAR LINEAR LINEAR LINEAR LINEAR LINEAR
LINEAR LINEAR LINEAR LINEAR LINEAR LINEAR LINEAR LINEAR LINEAR LINEAR LINEAR LINEAR
LINEAR LINEAR LINEAR LINEAR LINEAR LINEAR LINEAR LINEAR LINEAR LINEAR LINEAR LINEAR
LINEAR LINEAR LINEAR LINEAR LINEAR LINEAR LINEAR LINEAR LINEAR LINEAR LINEAR LINEAR
LINEAR LINEAR LINEAR LINEAR LINEAR LINEAR LINEAR LINEAR LINEAR LINEAR LINEAR LINEAR
LINEAR LINEAR LINEAR LINEAR LINEAR LINEAR LINEAR LINEAR LINEAR LINEAR LINEAR LINEAR
LINEAR LINEAR LINEAR LINEAR LINEAR LINEAR LINEAR LINEAR LINEAR LINEAR LINEAR LINEAR
LINEAR</Name_array><technique_common><accessor source="#bone_Shoulder-Interpolations-array" count="96"><param type="name"/></accessor></technique_common></source><sampler id="bone_Shoulder-Matrix-animation-transform"><input semantic="INPUT" source="#bone_Shoulder-Matrix-animation-input"/><input semantic="OUTPUT" source="#bone_Shoulder-Matrix-animation-output-transform"/><input semantic="INTERPOLATION" source="#bone_Shoulder-Interpolations"/></sampler><channel source="#bone_Shoulder-Matrix-animation-transform" target="bone_Shoulder/matrix"/></animation><animation><source id="bone_Shoulder-visibility-animation-input"><float_array id="bone_Shoulder-visibility-animation-input-array" count="96">

0.041667 0.083333 0.125000 0.166667 0.208333 0.250000 0.291667 0.333333 0.375000 0.416667 0.458333 0.500000 0.541667 0.583333 0.625000 0.666667
0.708333 0.750000 0.791667 0.833333 0.875000 0.916667 0.958333 1.000000 1.041667 1.083333 1.125000 1.166667 1.208333 1.250000 1.291667 1.333333
